67 67 64
6.47953 6.47953 6.28319
1 1 1
0
36000
72000
108000
144000
180000
216000
252000
288000
324000
360000
396002
432004
468006
504008
540010
576012
612014
648016
684018
720020
756022
792024
828026
864028
900030
936032
972034
1008036
1044038
1080040
1116042
1152044
1188046
1224048
1260050
1296052
1332054
1368056
1404058
1440060
1476062
1512064
1548066
1584068
1620070
1656072
1692074
1728076
1764078
1800080
1836082
1872084
1908086
1944088
1980090
2016092
2052094
2088096
2124098
2160100
2196102
2232104
2268106
2304108
2340108
2376108
2412108
2448108
2484108
2520108
2556108
2592108
2628108
2664108
2700110
2736112
2772114
2808116
2844118
2880120
2916122
2952124
2988126
3024128
3060130
3096132
3132134
3168136
3204138
3240140
3276142
3312144
3348146
3384148
3420150
3456152
3492154
3528156
3564158
3600160
3636162
3672164
3708166
3744168
3780170
3816172
3852174
3888176
3924178
3960180
3996182
4032184
4068186
4104188
4140190
4176192
4212194
4248196
4284198
4320200
4356202
4392204
4428206
4464208
4500210
4536212
4572214
4608216
4644216
4680216
4716216
4752216
4788216
4824216
4860216
4896216
4932216
4968216
5004218
5040220
5076222
5112224
5148226
5184228
5220230
5256232
5292234
5328236
5364238
5400240
5436242
5472244
5508246
5544248
5580250
5616252
5652254
5688256
5724258
5760260
5796262
5832264
5868266
5904268
5940270
5976272
6012274
6048276
6084278
6120280
6156282
6192284
6228286
6264288
6300290
6336292
6372294
6408296
6444298
6480300
6516302
6552304
6588306
6624308
6660310
6696312
6732314
6768316
6804318
6840320
6876322
